url;house_id;city;house_type;building_type;price;price_m2;room;bedroom;bathroom;living_area;energy_label;zip;address;year_built;house_age;descrip;photo;m3_gasverbruik_per_jaar;kwh_stroomvebruik_per_jaar
https://www.funda.nl/koop/hoedekenskerke/huis-43477898-papegaaistraat-4/;43477898;hoedekenskerke;huis;Bestaande bouw;249000;1817.5;7;6;1;137;F;4433;Papegaaistraat 4;1930;94;Aan de rand  van  Hoedekenskerke, aan  een verkeersluw  straatje, biedt R+ Makelaardij  deze  verrassend ruime halfvrijstaande woning te  koop  aan. De  woning biedt door  de  afmetingen veel mogelijkheden. Zo  beschikt de  woning o.a. over 6 slaapkamers, een garage en een schuur.  De ligging is perfect, aan de buitenrand van het dorp. Het grenst direct aan landelijk gebied.  U komt binnen in de hal van de woning. Aan de rechterzijde treft u een slaapkamer met badkamer. De badkamer is recentelijk vernieuwd en uitgerust met douche en wastafelmeubel.   Rechtdoor komt u in de keuken. Deze is ruim van afmetingen, van jonge leeftijd en voorzien van diverse apparatuur.  De woonkamer bereikt u zowel vanuit de hal als de keuken. Deze is heerlijk ruim en licht door de raampartijen. Vanuit de keuken komt u in een flinke garage/schuur.  Via de trapopgang in de hal komt u op de eerste verdieping. Hier zijn, behalve de overloop, 5 slaapkamers gesitueerd, verschillend van afmetingen. Door de constructie met houten spanten is hier eenvoudig een andere indeling te realiseren.  De tuin is vooral aan de zijkant van de woning gelegen, aan de kant van het buitengebied. Zo ervaart u de rust en privacy optimaal.  Kortom, een huis met veel ruimte en mogelijkheden.  Aanvaarding in overleg.;https://cloud.funda.nl/valentina_media/185/756/194_1440x960.jpg 1440w, https://cloud.funda.nl/valentina_media/185/756/194_180x120.jpg 180w, https://cloud.funda.nl/valentina_media/185/756/194_360x240.jpg 360w, https://cloud.funda.nl/valentina_media/185/756/194_720x480.jpg 720w, https://cloud.funda.nl/valentina_media/185/756/194_1080x720.jpg 1080w, https://cloud.funda.nl/valentina_media/185/756/194_2160x1440.jpg 2160w, https://cloud.funda.nl/valentina_media/185/756/195_1440x960.jpg 1440w, https://cloud.funda.nl/valentina_media/185/756/195_180x120.jpg 180w, https://cloud.funda.nl/valentina_media/185/756/195_360x240.jpg 360w, https://cloud.funda.nl/valentina_media/185/756/195_720x480.jpg 720w, https://cloud.funda.nl/valentina_media/185/756/195_1080x720.jpg 1080w, https://cloud.funda.nl/valentina_media/185/756/195_2160x1440.jpg 2160w, https://cloud.funda.nl/valentina_media/185/756/196_1440x960.jpg 1440w, https://cloud.funda.nl/valentina_media/185/756/196_180x120.jpg 180w, https://cloud.funda.nl/valentina_media/185/756/196_360x240.jpg 360w, https://cloud.funda.nl/valentina_media/185/756/196_720x480.jpg 720w, https://cloud.funda.nl/valentina_media/185/756/196_1080x720.jpg 1080w, https://cloud.funda.nl/valentina_media/185/756/196_2160x1440.jpg 2160w, https://cloud.funda.nl/valentina_media/185/756/199_1440x960.jpg 1440w, https://cloud.funda.nl/valentina_media/185/756/199_180x120.jpg 180w, https://cloud.funda.nl/valentina_media/185/756/199_360x240.jpg 360w, https://cloud.funda.nl/valentina_media/185/756/199_720x480.jpg 720w, https://cloud.funda.nl/valentina_media/185/756/199_1080x720.jpg 1080w, https://cloud.funda.nl/valentina_media/185/756/199_2160x1440.jpg 2160w, https://cloud.funda.nl/valentina_media/185/756/197_1440x960.jpg 1440w, https://cloud.funda.nl/valentina_media/185/756/197_180x120.jpg 180w, https://cloud.funda.nl/valentina_media/185/756/197_360x240.jpg 360w, https://cloud.funda.nl/valentina_media/185/756/197_720x480.jpg 720w, https://cloud.funda.nl/valentina_media/185/756/197_1080x720.jpg 1080w, https://cloud.funda.nl/valentina_media/185/756/197_2160x1440.jpg 2160w, https://cloud.funda.nl/valentina_media/185/756/198_1440x960.jpg 1440w, https://cloud.funda.nl/valentina_media/185/756/198_180x120.jpg 180w, https://cloud.funda.nl/valentina_media/185/756/198_360x240.jpg 360w, https://cloud.funda.nl/valentina_media/185/756/198_720x480.jpg 720w, https://cloud.funda.nl/valentina_media/185/756/198_1080x720.jpg 1080w, https://cloud.funda.nl/valentina_media/185/756/198_2160x1440.jpg 2160w, https://cloud.funda.nl/valentina_media/185/756/201_1440x960.jpg 1440w, https://cloud.funda.nl/valentina_media/185/756/201_180x120.jpg 180w, https://cloud.funda.nl/valentina_media/185/756/201_360x240.jpg 360w, https://cloud.funda.nl/valentina_media/185/756/201_720x480.jpg 720w, https://cloud.funda.nl/valentina_media/185/756/201_1080x720.jpg 1080w, https://cloud.funda.nl/valentina_media/185/756/201_2160x1440.jpg 2160w, https://cloud.funda.nl/valentina_media/185/756/200_1440x960.jpg 1440w, https://cloud.funda.nl/valentina_media/185/756/200_180x120.jpg 180w, https://cloud.funda.nl/valentina_media/185/756/200_360x240.jpg 360w, https://cloud.funda.nl/valentina_media/185/756/200_720x480.jpg 720w, https://cloud.funda.nl/valentina_media/185/756/200_1080x720.jpg 1080w, https://cloud.funda.nl/valentina_media/185/756/200_2160x1440.jpg 2160w, https://cloud.funda.nl/valentina_media/185/756/202_1440x960.jpg 1440w, https://cloud.funda.nl/valentina_media/185/756/202_180x120.jpg 180w, https://cloud.funda.nl/valentina_media/185/756/202_360x240.jpg 360w, https://cloud.funda.nl/valentina_media/185/756/202_720x480.jpg 720w, https://cloud.funda.nl/valentina_media/185/756/202_1080x720.jpg 1080w, https://cloud.funda.nl/valentina_media/185/756/202_2160x1440.jpg 2160w, https://cloud.funda.nl/valentina_media/185/756/204_1440x960.jpg 1440w, https://cloud.funda.nl/valentina_media/185/756/204_180x120.jpg 180w, https://cloud.funda.nl/valentina_media/185/756/204_360x240.jpg 360w, https://cloud.funda.nl/valentina_media/185/756/204_720x480.jpg 720w, https://cloud.funda.nl/valentina_media/185/756/204_1080x720.jpg 1080w, https://cloud.funda.nl/valentina_media/185/756/204_2160x1440.jpg 2160w, https://cloud.funda.nl/valentina_media/185/756/203_1440x960.jpg 1440w, https://cloud.funda.nl/valentina_media/185/756/203_180x120.jpg 180w, https://cloud.funda.nl/valentina_media/185/756/203_360x240.jpg 360w, https://cloud.funda.nl/valentina_media/185/756/203_720x480.jpg 720w, https://cloud.funda.nl/valentina_media/185/756/203_1080x720.jpg 1080w, https://cloud.funda.nl/valentina_media/185/756/203_2160x1440.jpg 2160w, https://cloud.funda.nl/valentina_media/185/756/205_1440x960.jpg 1440w, https://cloud.funda.nl/valentina_media/185/756/205_180x120.jpg 180w, https://cloud.funda.nl/valentina_media/185/756/205_360x240.jpg 360w, https://cloud.funda.nl/valentina_media/185/756/205_720x480.jpg 720w, https://cloud.funda.nl/valentina_media/185/756/205_1080x720.jpg 1080w, https://cloud.funda.nl/valentina_media/185/756/205_2160x1440.jpg 2160w, https://cloud.funda.nl/valentina_media/185/756/208_1440x960.jpg 1440w, https://cloud.funda.nl/valentina_media/185/756/208_180x120.jpg 180w, https://cloud.funda.nl/valentina_media/185/756/208_360x240.jpg 360w, https://cloud.funda.nl/valentina_media/185/756/208_720x480.jpg 720w, https://cloud.funda.nl/valentina_media/185/756/208_1080x720.jpg 1080w, https://cloud.funda.nl/valentina_media/185/756/208_2160x1440.jpg 2160w, https://cloud.funda.nl/valentina_media/185/756/206_1440x960.jpg 1440w, https://cloud.funda.nl/valentina_media/185/756/206_180x120.jpg 180w, https://cloud.funda.nl/valentina_media/185/756/206_360x240.jpg 360w, https://cloud.funda.nl/valentina_media/185/756/206_720x480.jpg 720w, https://cloud.funda.nl/valentina_media/185/756/206_1080x720.jpg 1080w, https://cloud.funda.nl/valentina_media/185/756/206_2160x1440.jpg 2160w, https://cloud.funda.nl/valentina_media/185/756/207_1440x960.jpg 1440w, https://cloud.funda.nl/valentina_media/185/756/207_180x120.jpg 180w, https://cloud.funda.nl/valentina_media/185/756/207_360x240.jpg 360w, https://cloud.funda.nl/valentina_media/185/756/207_720x480.jpg 720w, https://cloud.funda.nl/valentina_media/185/756/207_1080x720.jpg 1080w, https://cloud.funda.nl/valentina_media/185/756/207_2160x1440.jpg 2160w, https://cloud.funda.nl/valentina_media/185/756/210_1440x960.jpg 1440w, https://cloud.funda.nl/valentina_media/185/756/210_180x120.jpg 180w, https://cloud.funda.nl/valentina_media/185/756/210_360x240.jpg 360w, https://cloud.funda.nl/valentina_media/185/756/210_720x480.jpg 720w, https://cloud.funda.nl/valentina_media/185/756/210_1080x720.jpg 1080w, https://cloud.funda.nl/valentina_media/185/756/210_2160x1440.jpg 2160w, https://cloud.funda.nl/valentina_media/185/756/209_1440x960.jpg 1440w, https://cloud.funda.nl/valentina_media/185/756/209_180x120.jpg 180w, https://cloud.funda.nl/valentina_media/185/756/209_360x240.jpg 360w, https://cloud.funda.nl/valentina_media/185/756/209_720x480.jpg 720w, https://cloud.funda.nl/valentina_media/185/756/209_1080x720.jpg 1080w, https://cloud.funda.nl/valentina_media/185/756/209_2160x1440.jpg 2160w, https://cloud.funda.nl/valentina_media/185/756/211_1440x960.jpg 1440w, https://cloud.funda.nl/valentina_media/185/756/211_180x120.jpg 180w, https://cloud.funda.nl/valentina_media/185/756/211_360x240.jpg 360w, https://cloud.funda.nl/valentina_media/185/756/211_720x480.jpg 720w, https://cloud.funda.nl/valentina_media/185/756/211_1080x720.jpg 1080w, https://cloud.funda.nl/valentina_media/185/756/211_2160x1440.jpg 2160w, https://cloud.funda.nl/valentina_media/185/756/212_1440x960.jpg 1440w, https://cloud.funda.nl/valentina_media/185/756/212_180x120.jpg 180w, https://cloud.funda.nl/valentina_media/185/756/212_360x240.jpg 360w, https://cloud.funda.nl/valentina_media/185/756/212_720x480.jpg 720w, https://cloud.funda.nl/valentina_media/185/756/212_1080x720.jpg 1080w, https://cloud.funda.nl/valentina_media/185/756/212_2160x1440.jpg 2160w, https://cloud.funda.nl/valentina_media/185/756/213_1440x960.jpg 1440w, https://cloud.funda.nl/valentina_media/185/756/213_180x120.jpg 180w, https://cloud.funda.nl/valentina_media/185/756/213_360x240.jpg 360w, https://cloud.funda.nl/valentina_media/185/756/213_720x480.jpg 720w, https://cloud.funda.nl/valentina_media/185/756/213_1080x720.jpg 1080w, https://cloud.funda.nl/valentina_media/185/756/213_2160x1440.jpg 2160w, https://cloud.funda.nl/valentina_media/185/756/216_1440x960.jpg 1440w, https://cloud.funda.nl/valentina_media/185/756/216_180x120.jpg 180w, https://cloud.funda.nl/valentina_media/185/756/216_360x240.jpg 360w, https://cloud.funda.nl/valentina_media/185/756/216_720x480.jpg 720w, https://cloud.funda.nl/valentina_media/185/756/216_1080x720.jpg 1080w, https://cloud.funda.nl/valentina_media/185/756/216_2160x1440.jpg 2160w, https://cloud.funda.nl/valentina_media/185/756/215_1440x960.jpg 1440w, https://cloud.funda.nl/valentina_media/185/756/215_180x120.jpg 180w, https://cloud.funda.nl/valentina_media/185/756/215_360x240.jpg 360w, https://cloud.funda.nl/valentina_media/185/756/215_720x480.jpg 720w, https://cloud.funda.nl/valentina_media/185/756/215_1080x720.jpg 1080w, https://cloud.funda.nl/valentina_media/185/756/215_2160x1440.jpg 2160w, https://cloud.funda.nl/valentina_media/185/756/214_1440x960.jpg 1440w, https://cloud.funda.nl/valentina_media/185/756/214_180x120.jpg 180w, https://cloud.funda.nl/valentina_media/185/756/214_360x240.jpg 360w, https://cloud.funda.nl/valentina_media/185/756/214_720x480.jpg 720w, https://cloud.funda.nl/valentina_media/185/756/214_1080x720.jpg 1080w, https://cloud.funda.nl/valentina_media/185/756/214_2160x1440.jpg 2160w, https://cloud.funda.nl/valentina_media/185/756/217_1440x960.jpg 1440w, https://cloud.funda.nl/valentina_media/185/756/217_180x120.jpg 180w, https://cloud.funda.nl/valentina_media/185/756/217_360x240.jpg 360w, https://cloud.funda.nl/valentina_media/185/756/217_720x480.jpg 720w, https://cloud.funda.nl/valentina_media/185/756/217_1080x720.jpg 1080w, https://cloud.funda.nl/valentina_media/185/756/217_2160x1440.jpg 2160w, https://cloud.funda.nl/valentina_media/185/756/218_1440x960.jpg 1440w, https://cloud.funda.nl/valentina_media/185/756/218_180x120.jpg 180w, https://cloud.funda.nl/valentina_media/185/756/218_360x240.jpg 360w, https://cloud.funda.nl/valentina_media/185/756/218_720x480.jpg 720w, https://cloud.funda.nl/valentina_media/185/756/218_1080x720.jpg 1080w, https://cloud.funda.nl/valentina_media/185/756/218_2160x1440.jpg 2160w, https://cloud.funda.nl/valentina_media/185/756/220_1440x960.jpg 1440w, https://cloud.funda.nl/valentina_media/185/756/220_180x120.jpg 180w, https://cloud.funda.nl/valentina_media/185/756/220_360x240.jpg 360w, https://cloud.funda.nl/valentina_media/185/756/220_720x480.jpg 720w, https://cloud.funda.nl/valentina_media/185/756/220_1080x720.jpg 1080w, https://cloud.funda.nl/valentina_media/185/756/220_2160x1440.jpg 2160w, https://cloud.funda.nl/valentina_media/185/756/219_1440x960.jpg 1440w, https://cloud.funda.nl/valentina_media/185/756/219_180x120.jpg 180w, https://cloud.funda.nl/valentina_media/185/756/219_360x240.jpg 360w, https://cloud.funda.nl/valentina_media/185/756/219_720x480.jpg 720w, https://cloud.funda.nl/valentina_media/185/756/219_1080x720.jpg 1080w, https://cloud.funda.nl/valentina_media/185/756/219_2160x1440.jpg 2160w, https://cloud.funda.nl/valentina_media/185/756/221_1440x960.jpg 1440w, https://cloud.funda.nl/valentina_media/185/756/221_180x120.jpg 180w, https://cloud.funda.nl/valentina_media/185/756/221_360x240.jpg 360w, https://cloud.funda.nl/valentina_media/185/756/221_720x480.jpg 720w, https://cloud.funda.nl/valentina_media/185/756/221_1080x720.jpg 1080w, https://cloud.funda.nl/valentina_media/185/756/221_2160x1440.jpg 2160w, https://cloud.funda.nl/valentina_media/185/756/222_1440x960.jpg 1440w, https://cloud.funda.nl/valentina_media/185/756/222_180x120.jpg 180w, https://cloud.funda.nl/valentina_media/185/756/222_360x240.jpg 360w, https://cloud.funda.nl/valentina_media/185/756/222_720x480.jpg 720w, https://cloud.funda.nl/valentina_media/185/756/222_1080x720.jpg 1080w, https://cloud.funda.nl/valentina_media/185/756/222_2160x1440.jpg 2160w, https://cloud.funda.nl/valentina_media/185/756/223_1440x960.jpg 1440w, https://cloud.funda.nl/valentina_media/185/756/223_180x120.jpg 180w, https://cloud.funda.nl/valentina_media/185/756/223_360x240.jpg 360w, https://cloud.funda.nl/valentina_media/185/756/223_720x480.jpg 720w, https://cloud.funda.nl/valentina_media/185/756/223_1080x720.jpg 1080w, https://cloud.funda.nl/valentina_media/185/756/223_2160x1440.jpg 2160w, https://cloud.funda.nl/valentina_media/185/756/224_1440x960.jpg 1440w, https://cloud.funda.nl/valentina_media/185/756/224_180x120.jpg 180w, https://cloud.funda.nl/valentina_media/185/756/224_360x240.jpg 360w, https://cloud.funda.nl/valentina_media/185/756/224_720x480.jpg 720w, https://cloud.funda.nl/valentina_media/185/756/224_1080x720.jpg 1080w, https://cloud.funda.nl/valentina_media/185/756/224_2160x1440.jpg 2160w, https://cloud.funda.nl/valentina_media/185/756/225_1440x960.jpg 1440w, https://cloud.funda.nl/valentina_media/185/756/225_180x120.jpg 180w, https://cloud.funda.nl/valentina_media/185/756/225_360x240.jpg 360w, https://cloud.funda.nl/valentina_media/185/756/225_720x480.jpg 720w, https://cloud.funda.nl/valentina_media/185/756/225_1080x720.jpg 1080w, https://cloud.funda.nl/valentina_media/185/756/225_2160x1440.jpg 2160w, https://cloud.funda.nl/valentina_media/185/756/227_1440x960.jpg 1440w, https://cloud.funda.nl/valentina_media/185/756/227_180x120.jpg 180w, https://cloud.funda.nl/valentina_media/185/756/227_360x240.jpg 360w, https://cloud.funda.nl/valentina_media/185/756/227_720x480.jpg 720w, https://cloud.funda.nl/valentina_media/185/756/227_1080x720.jpg 1080w, https://cloud.funda.nl/valentina_media/185/756/227_2160x1440.jpg 2160w, https://cloud.funda.nl/valentina_media/185/756/226_1440x960.jpg 1440w, https://cloud.funda.nl/valentina_media/185/756/226_180x120.jpg 180w, https://cloud.funda.nl/valentina_media/185/756/226_360x240.jpg 360w, https://cloud.funda.nl/valentina_media/185/756/226_720x480.jpg 720w, https://cloud.funda.nl/valentina_media/185/756/226_1080x720.jpg 1080w, https://cloud.funda.nl/valentina_media/185/756/226_2160x1440.jpg 2160w, https://cloud.funda.nl/valentina_media/185/756/230_1440x960.jpg 1440w, https://cloud.funda.nl/valentina_media/185/756/230_180x120.jpg 180w, https://cloud.funda.nl/valentina_media/185/756/230_360x240.jpg 360w, https://cloud.funda.nl/valentina_media/185/756/230_720x480.jpg 720w, https://cloud.funda.nl/valentina_media/185/756/230_1080x720.jpg 1080w, https://cloud.funda.nl/valentina_media/185/756/230_2160x1440.jpg 2160w, https://cloud.funda.nl/valentina_media/185/756/228_1440x960.jpg 1440w, https://cloud.funda.nl/valentina_media/185/756/228_180x120.jpg 180w, https://cloud.funda.nl/valentina_media/185/756/228_360x240.jpg 360w, https://cloud.funda.nl/valentina_media/185/756/228_720x480.jpg 720w, https://cloud.funda.nl/valentina_media/185/756/228_1080x720.jpg 1080w, https://cloud.funda.nl/valentina_media/185/756/228_2160x1440.jpg 2160w, https://cloud.funda.nl/valentina_media/185/756/229_1440x960.jpg 1440w, https://cloud.funda.nl/valentina_media/185/756/229_180x120.jpg 180w, https://cloud.funda.nl/valentina_media/185/756/229_360x240.jpg 360w, https://cloud.funda.nl/valentina_media/185/756/229_720x480.jpg 720w, https://cloud.funda.nl/valentina_media/185/756/229_1080x720.jpg 1080w, https://cloud.funda.nl/valentina_media/185/756/229_2160x1440.jpg 2160w, https://cloud.funda.nl/valentina_media/185/756/232_1440x960.jpg 1440w, https://cloud.funda.nl/valentina_media/185/756/232_180x120.jpg 180w, https://cloud.funda.nl/valentina_media/185/756/232_360x240.jpg 360w, https://cloud.funda.nl/valentina_media/185/756/232_720x480.jpg 720w, https://cloud.funda.nl/valentina_media/185/756/232_1080x720.jpg 1080w, https://cloud.funda.nl/valentina_media/185/756/232_2160x1440.jpg 2160w, https://cloud.funda.nl/valentina_media/185/756/235_1440x960.jpg 1440w, https://cloud.funda.nl/valentina_media/185/756/235_180x120.jpg 180w, https://cloud.funda.nl/valentina_media/185/756/235_360x240.jpg 360w, https://cloud.funda.nl/valentina_media/185/756/235_720x480.jpg 720w, https://cloud.funda.nl/valentina_media/185/756/235_1080x720.jpg 1080w, https://cloud.funda.nl/valentina_media/185/756/235_2160x1440.jpg 2160w, https://cloud.funda.nl/valentina_media/185/756/234_1440x960.jpg 1440w, https://cloud.funda.nl/valentina_media/185/756/234_180x120.jpg 180w, https://cloud.funda.nl/valentina_media/185/756/234_360x240.jpg 360w, https://cloud.funda.nl/valentina_media/185/756/234_720x480.jpg 720w, https://cloud.funda.nl/valentina_media/185/756/234_1080x720.jpg 1080w, https://cloud.funda.nl/valentina_media/185/756/234_2160x1440.jpg 2160w, https://cloud.funda.nl/valentina_media/185/756/237_1440x960.jpg 1440w, https://cloud.funda.nl/valentina_media/185/756/237_180x120.jpg 180w, https://cloud.funda.nl/valentina_media/185/756/237_360x240.jpg 360w, https://cloud.funda.nl/valentina_media/185/756/237_720x480.jpg 720w, https://cloud.funda.nl/valentina_media/185/756/237_1080x720.jpg 1080w, https://cloud.funda.nl/valentina_media/185/756/237_2160x1440.jpg 2160w, https://cloud.funda.nl/valentina_media/185/756/240_1440x960.jpg 1440w, https://cloud.funda.nl/valentina_media/185/756/240_180x120.jpg 180w, https://cloud.funda.nl/valentina_media/185/756/240_360x240.jpg 360w, https://cloud.funda.nl/valentina_media/185/756/240_720x480.jpg 720w, https://cloud.funda.nl/valentina_media/185/756/240_1080x720.jpg 1080w, https://cloud.funda.nl/valentina_media/185/756/240_2160x1440.jpg 2160w, https://cloud.funda.nl/valentina_media/185/756/245_1440x960.jpg 1440w, https://cloud.funda.nl/valentina_media/185/756/245_180x120.jpg 180w, https://cloud.funda.nl/valentina_media/185/756/245_360x240.jpg 360w, https://cloud.funda.nl/valentina_media/185/756/245_720x480.jpg 720w, https://cloud.funda.nl/valentina_media/185/756/245_1080x720.jpg 1080w, https://cloud.funda.nl/valentina_media/185/756/245_2160x1440.jpg 2160w, https://cloud.funda.nl/valentina_media/185/756/247_1440x960.jpg 1440w, https://cloud.funda.nl/valentina_media/185/756/247_180x120.jpg 180w, https://cloud.funda.nl/valentina_media/185/756/247_360x240.jpg 360w, https://cloud.funda.nl/valentina_media/185/756/247_720x480.jpg 720w, https://cloud.funda.nl/valentina_media/185/756/247_1080x720.jpg 1080w, https://cloud.funda.nl/valentina_media/185/756/247_2160x1440.jpg 2160w, https://cloud.funda.nl/valentina_media/185/756/246_1440x960.jpg 1440w, https://cloud.funda.nl/valentina_media/185/756/246_180x120.jpg 180w, https://cloud.funda.nl/valentina_media/185/756/246_360x240.jpg 360w, https://cloud.funda.nl/valentina_media/185/756/246_720x480.jpg 720w, https://cloud.funda.nl/valentina_media/185/756/246_1080x720.jpg 1080w, https://cloud.funda.nl/valentina_media/185/756/246_2160x1440.jpg 2160w, https://cloud.funda.nl/valentina_media/185/756/248_1440x960.jpg 1440w, https://cloud.funda.nl/valentina_media/185/756/248_180x120.jpg 180w, https://cloud.funda.nl/valentina_media/185/756/248_360x240.jpg 360w, https://cloud.funda.nl/valentina_media/185/756/248_720x480.jpg 720w, https://cloud.funda.nl/valentina_media/185/756/248_1080x720.jpg 1080w, https://cloud.funda.nl/valentina_media/185/756/248_2160x1440.jpg 2160w, https://cloud.funda.nl/valentina_media/185/756/249_1440x960.jpg 1440w, https://cloud.funda.nl/valentina_media/185/756/249_180x120.jpg 180w, https://cloud.funda.nl/valentina_media/185/756/249_360x240.jpg 360w, https://cloud.funda.nl/valentina_media/185/756/249_720x480.jpg 720w, https://cloud.funda.nl/valentina_media/185/756/249_1080x720.jpg 1080w, https://cloud.funda.nl/valentina_media/185/756/249_2160x1440.jpg 2160w, https://cloud.funda.nl/valentina_media/185/756/250_1440x960.jpg 1440w, https://cloud.funda.nl/valentina_media/185/756/250_180x120.jpg 180w, https://cloud.funda.nl/valentina_media/185/756/250_360x240.jpg 360w, https://cloud.funda.nl/valentina_media/185/756/250_720x480.jpg 720w, https://cloud.funda.nl/valentina_media/185/756/250_1080x720.jpg 1080w, https://cloud.funda.nl/valentina_media/185/756/250_2160x1440.jpg 2160w, https://cloud.funda.nl/valentina_media/185/756/251_1440x960.jpg 1440w, https://cloud.funda.nl/valentina_media/185/756/251_180x120.jpg 180w, https://cloud.funda.nl/valentina_media/185/756/251_360x240.jpg 360w, https://cloud.funda.nl/valentina_media/185/756/251_720x480.jpg 720w, https://cloud.funda.nl/valentina_media/185/756/251_1080x720.jpg 1080w, https://cloud.funda.nl/valentina_media/185/756/251_2160x1440.jpg 2160w, https://cloud.funda.nl/valentina_media/185/756/280_1440x960.jpg 1440w, https://cloud.funda.nl/valentina_media/185/756/280_180x120.jpg 180w, https://cloud.funda.nl/valentina_media/185/756/280_360x240.jpg 360w, https://cloud.funda.nl/valentina_media/185/756/280_720x480.jpg 720w, https://cloud.funda.nl/valentina_media/185/756/280_1080x720.jpg 1080w, https://cloud.funda.nl/valentina_media/185/756/280_2160x1440.jpg 2160w, https://cloud.funda.nl/valentina_media/185/756/253_1440x960.jpg 1440w, https://cloud.funda.nl/valentina_media/185/756/253_180x120.jpg 180w, https://cloud.funda.nl/valentina_media/185/756/253_360x240.jpg 360w, https://cloud.funda.nl/valentina_media/185/756/253_720x480.jpg 720w, https://cloud.funda.nl/valentina_media/185/756/253_1080x720.jpg 1080w, https://cloud.funda.nl/valentina_media/185/756/253_2160x1440.jpg 2160w, https://cloud.funda.nl/valentina_media/185/756/254_1440x960.jpg 1440w, https://cloud.funda.nl/valentina_media/185/756/254_180x120.jpg 180w, https://cloud.funda.nl/valentina_media/185/756/254_360x240.jpg 360w, https://cloud.funda.nl/valentina_media/185/756/254_720x480.jpg 720w, https://cloud.funda.nl/valentina_media/185/756/254_1080x720.jpg 1080w, https://cloud.funda.nl/valentina_media/185/756/254_2160x1440.jpg 2160w;1482;48087
